7849752336893372115
7773690380703646449
-7529127472458831843
8283314196623461514
-6307091021501787900
2289670830318118874
4485522872115472192
-8245839652779317434
-6979932373694783835
-2848120436253141280
2050521666035636119
7332360620080144890
-8475575797673357123
-5173642037895594500
-8340138137337446412
-2341030903466643849
7171695241090975366
-8401246876211153287
-2040024953985354597
3720552145812589346
5892957728616746991
-6982592190618789001
-5429758405742308924
4930421249084850550
7337573552468709402
-8130243912583548823
4409438203933034013
8471878564025447551
3721961970604961759
917300701475231639
-3463938910716695225
-2071660669749477537
-7254157521848868792
-690026732886419299
-9196669068494833067
-7876549104552369204
-7356440024842638061
9168474298731575018
3137454050315465296
8987772273644963984
5454446414178574131
-8476268675620038590
662458885154977461
2384873963564222472
7024034100365520719
-3095043555591324867
5648751482923835380
-6381362142819856730
3066619256119658562
105901496457444806
1035903792163858419
8169038764957813103
-170820404370515559
1742543100936254364
8280069767437984906
7420644462847534206
4239531906322414104
-6946787570065650476
-7381585209425800699
3869048777207044479
6454158353979497013
-326838099890484139
-2334137040872051291
3408940536933977653
8419609247725373083
6955331364877782618
3063565739570176031
8477220863192400628
-7976517573863458135
5375534552787410676
-4094618667634657253
-6543080198957215449
7506448492452102897
999722326686490758
-3577001034716236618
4582157080360483275
-2683192587034087495
-3590801851466382777
-7416473407102394367
-5991276928805714958
5930587657980237693
-2206124005260818749
-5491821020116371073
-3981221864113214654
4049537497970125163
7240394300572392027
-1465861848713072469
-7517597396862034316
7135546643919704037
-7737708051671909952
-8840253177726554256
-1376986097163907627
-3686658348558507261
5790258145370646652
7550828864119010479
-9071039612247750201
2853225984536980238
-69004782785300631
1337758757563547324
4515461209061208385
-1382907852725128442
-89091311382553801
7350312271432877537
3656716922424963147
6173434307238849310
-6665243181960949013
1261968686030685914
1843493367695249028
4707630759671438138
-4296755544279769510
1237408370645622104
822617604979756444
7999304818919761272
-3597292104846211918
58345543935159934
7395783284188059610
-7337384653142878044
6051000885527948018
6532601278804894567
-2482045500613312874
-653535759243586878
2547168804683971181
8364357210466382750
327911918543571136
4998456552256680840
-1237337331864922292
434707905394950052
-5574422391679315624
3641318794959412961
-4465245295103219960
5998631472123378541
337557030814578163
446879306076966763
-8080840645844867340
-8482912257152898845
-2753810614331108035
-6001468338150868742
6342368161402376881
-3034453015990099358
3283865281828560241
322069038614592275
-7871875318305318217
-6160859784628095686
-3785134622021555485
-655434161419803790
-3761577646655395117
4869319760649391153
8366130582493738615
5547636386199502980
-7493979935271845725
-1138828696411117058
-5445185762598939610
6889577828550132717
6577367379608244764
-4448954349059951665
6653706430992368000
-4872196574487464700
-6433308308679031803
8068909055986453444
-5140364055370939355
-7515347820241390766
5836353858962403449
-4924993859208529039
8284950476761978955
7864251358712875287
-3640127417009570455
-9088551240303858080
4580975543466078012
9184683558857690565
-5714057251408248040
-6727299833523290995
5797245098858872276
137106200811133059
-4398196586022829411
6202976122656687336
-2717052747660469497
-7752262253257014613
8961252484872055908
2428001827230160855
-2977247434240135591
7283708468823849548
5151831689657693869
-8119460251371228751
-7702681342346826140
-5122178670015126360
8253014021073552396
-337512799265471164
-7317935460530557098
-2977633772735098697
5226582536491604455
5447171476664899151
-4249982930400902800
5656429461969418659
7431315770933454587
2700493642997900297
-6240176003851247736
7018341749640534346
502885447376886232
4940884175818007448
-6736936047471432313
-2593802774902895937
-7523720805315131552
-1650417267033060709
2145059876807722732
1156131319744986314
-4509298326666927796
-1124294225410479711
4780288448293084488
-5155305495553919901
-7248180834320024409
1046086403333707440
3503452349560432320
8945172341186453306
-6683111496526567343
-3739955526915315777
-4784071617823286130
8338322639900505650
-3305945572961135747
6918267612893396283
-4912358925358020224
-8153590664877510686
-454886263620058061
4066105576197676166
-7360764842919909256
-727393620871789805
8040173865311985103
812938474622032499
6676166281020068586
-8276519143151912635
-1177824094681024640
-7905627097215478324
-4443365949999972511
-8173371590785298135
-8667071661777747254
-6124375766382673460
-6343657635808915462
-4017412981757841112
5879880338023809540
8043270863116058789
-6665559826311466777
7829182033887144411
-4996818392966443301
99070956010720764
2386883660680070893
-8405548768729184112
1885401688450461901
3016510805984590184
4141702956844461542
4047993512791407052
7074877381758567343
-6006210515659525898
-1983135979760203968
2273945256087239620
-3980136329308656088
2223467505723186088
2510949619164928125
-4124948259479658270
7038924787975399475
6826478637979354097
3927874918689061297
-61647026222800314
-4392049342819593823
5861020645173383739
607909852489077767
2580446545147593282
-475339971930892139
6975022537009616737
7539567996811325500
-7994696136693825827
4774445209726054406
5901162249238193973
-1489332392777722590
7321125271427748945
4476668774900569664
7770438280158561019
-4279086440816249313
407283011998060430
-8252169127161107613
-7388477140968074260
3025717935142400427
575454761523327157
1603183851806578659
2257608552801858997
8045846721399168982
3299447629685202333
-9096285408313883898
-4731648046114828043
5585443520229273791
-4181278837115542447
-2505344585752766103
-6998893255200668222
8509938463492463390
7282886712481156495
-6256325176470035588
3218989375814067749
-1149347709950027077
3100106260696907595
1041151474636073985
2292482358945448089
8125713428843314932
-1697967354079563990
7039846529019573905
5444176082759613072
5573039107541240123
6133597483397293320
-7463162386826131945
8067292843115756270
8428950845799603094
3601965503223713138
-3095546434401914030
4000612951193986188
5650400228343412510
-6873025491262727123
-5081785030368554152
-4740472965774827338
4622777592245963392
3680946853854969517
-4442492987263767026
8909814949278382509
2407252474204033151
3950981250695356062
-8740400006871710544
3338101936624567590
-3449856650610344336
-8812471884560141217
6541531776327575631
8224250179476725450
-5870150596344626500
-5158218756608956030
9110081997738811470
41568665172210356
-2809558162302954655
-1292081384767894706
-5620087963336089371
3847159299621361654
8877898118118411378
8971011184910552381
-4108394626315415138
6234659435005901588
-3905759926989529453
-4212039300079821954
-8967284620260416549
5379952310705854599
-3727914997139976835
2131300947951582580
-366774653238298290
-2468465811577567429
5802460272352296576
2867603265909983285
5627403847314791038
8009974222263079697
1757503214971131644
5562387613474038027
-6663348944459498167
-1614013276637223074
-8133348302707578137
-345800247483789321
402592690478324572
3509861049073650026
1990348475575794506
2835807788062171689
-4401294760662853443
-4249438652770524430
8207509793239172292
3282638022780345481
-2499481489091380670
4244417390627069095
2092044723776871941
9132483178360815154
1029883167796292631
4994491513679710381
-2836485448949373356
-4754279379447295247
-1526060745129830340
-9094343284550181603
4002467138834940938
-2691027357441993270
-5063613502598230779
-1807240135614497149
-8981412786982079723
7879198559835661171
-6719315302969281640
-5543763672328840608
-5268805818729651338
2289381050713095384
-696699571333605774
-193924957832441431
-883431568734771261
3268016961488951701
8109368773978601443
-7582372686791773370
-2763058007508733018
2061838116330293887
-8952195880709146483
-4699539700075673964
-5466604287151691173
-6291243768916513764
-1582491322596569623
5227320115264644580
-8530652575021449930
8273629779612985637
-708407756164069182
3843109668637550841
-5385569793064297957
8924710975997775115
6917535888431000503
8237801763508428686
-2665702054632592892
-7625988513769953680
-7962903401462853187
6740066697728760782
-5511604049266335873
-542919040990676566
-3713053571071875940
-1035254715373450022
7213138334341109037
-2711562370336144573
-2652733734505307283
-257966682533418681
-3103573364644709307
-8371636916509341061
6922376537864370466
-8045528147188684387
-4766651898878682354
-3990367750569720892
4849891021981442814
-765555655576202535
-1095224562680243352
2428980374874047301
3396990793405572889
-5046406850870243093
-4707703283829364412
3886559791724658521
-8790866010117236003
2960326117338014009
3595614321738555687
2053120905207259917
-4622635388484699764
6228683512022519067
4639696796935163564
-3226650915433926491
-6456488151241749833
2769863876785648733
314826597930875647
-4939483175786351593
8796805060265957576
3708541001158076352
-9055104608191018142
3468648761844925838
-6639449806653573255
3928336138062140280
-9205408805997908053
604674393043901416
4202573935120341595
-6532996865974912593
8685668571684184260
7617815553467100985
5379326245038570321
-8320983889281090303
-4493709496205594838
-6519086786150044858
-8619884320313208558
5208528040698575614
-7414987425826381457
-161702342222777845
-4539453970927086166
-6716488908536514900
-2342296367429754183
1486467220570762806
3673268435901259001
817414324188222210
-527524173201587904
8931427338012423593
-5654747984520676558
992071327513992558
8221061969373314259
5794263804534209531
5859492092866313054
-1315387787194521520
-4095448826168318636
995755150937658616
3751692261468612055
5623431590175159677
-2731627890134808264
-3370041524898019555
-1481726057006131507
1714745594080899261
9037532823806833672
1037346060873608733
-3032157172474600252
7663809290262608460
-5095580542762418974
6197910062630415710
-3853251664847005932
4057181455496200541
5565146417612809464
3074148555203572349
7094112044556889192
6533577528240008850
5616765126038029840
753699853384091590
3610110331255828800
5728531824775585414
-6603664570764865278
-4340259076666575172
5554536032418358895
-8271438512165065661
-6783710632602756034
-2052169966472054121
-9001119007786977379
5799147280422554572
-3189954466095021501
-8358412927104073023
-2470520222805278267
1048080778884265109
-4760664293381042135
5413671601289807192
703976463248042424
4768079696005520389
3157392354063877144
-7525891563204206160
-9188707036042280295
2138897075828932603
6019082583152679886
8373716496435581646
8623384842459448416
-3977554659234397882
2240028361640375070
6486005375777862125
-2741854177083043241
3831955070627679788
-8331526046195027349
-1157798148034410243
-3870575632300437089
4675781983912713444
4297537312555322673
5305274344909157663
-9174716709019938900
-3296248546464008676
-999643183279828867
6720371908799371562
-6939032539372242747
-3115993426185941133
935347444877787504
2404958480198180906
9019038756272774789
-9011360700348598784
-7019233706494260289
5458609085817360347
4190653947772816989
3858100309856487625
3957036792299913270
-377502599622530254
-1065175509941094385
304947717926650701
2706932702745600816
-6153534871019199275
-5516780324745124812
-2252405505113417733
6528685324438407969
-5160914149644459618
-8670562418140923208
8736923079596071608
-1631605596120625395
6700987247559527195
2392288461385079129
1964564536684084062
-7584224631637342962
8809463869826298385
-8248658359009183189
319672674953023543
-3827557587933851439
-3697139127970905867
-6113940603545654762
792321616264212614
-5482380541737713127
1510526774232743537
-3064805604879429802
5458768803058130686
7383093493727314747
-7789821559755644955
-3158788770228928517
-7502071210749279159
5621795917323458465
-4289312868813657116
-4123744725043353497
-5699350944104597118
5636796386897947208
-7539362048870077261
8591619453603971539
-176223865874079045
-8365383765651231679
-7796156150876441907
4079433727729555657
5083956643252115832
-923958287947496653
3015352714316998497
4133650909858063275
3919088131686754098
3900917384007288791
3633262544468586194
-378015582344222421
-3776808880294391850
3305826704341030011
1273097301261835062
8166605496780371665
-6255148640243241917
4456532569467904896
3486779269855243992
3215422711870105465
3845626045896332496
-7509226658855961124
-8522873793641697609
-4155624569024513582
-4444056616987796541
345915903945619865
-2715204827546630908
-4338401972106529056
-7924228298870941734
2756104513370490964
-7593005632253381720
468633427193981050
7016161778021826246
-608817837506488897
3319102181784983227
-2101153259397881908
5458455363344355244
-5181697174708177377
5273679665265456910
-691192606528320553
4921211447548087714
5386783555837109454
-6833317293948375901
-2190209865776832532
1591425255974832696
-8726577803975568710
-4098750648587955921
1896013207684008501
-2797790730973626388
-1395429522194823964
-5611734967454023009
2869838988210485804
1028666872044453044
-5988215680355548445
3676974608204772751
-5013448463001340126
2260231133869169785
-320378453429775010
9030779832856303572
4265062647126247097
-2911058089397742698
3496217415309202582
-3698606238576246028
-6701928530586705046
-9131935227163145891
5964265430077818585
-3539640340846870871
-6792096413061856511
-4847050440597880174
5084078811097517840
-2128030148882590878
7011331757993585948
-3492285502856553490
-122227898176378062
7643512618128239810
8770208176969851311
2241873837753423005
-4900826285887470898
7874750708070304799
-103406560332574846
-4118664269034624832
-6416795340384074362
9203465234550491908
-1749454832518702415
-4804048632319919124
-5155839895470876274
8033376406092737967
8769084322077405996
-3951553736015572054
5147632276861458993
-8345232374320642668
-4872511359438472395
-7382899532986818059
5355715624870078028
8088327780875690968
-9152893001827189276
-5509303601581432897
-4919200449705902383
1600248556374580182
-989160477973301850
-8583543022417184916
7890380962152281414
-6042724617122048610
3215716526170841786
-474000073759686828
-326781730347210172
540510686937526385
-1921142027038707277
-5412049994869685178
9060215866507762680
-3172788528693824185
-4954993546868444679
7957609030258287616
1190058823288423588
-7486579306748667575
7252198812829932615
-7494144569688787016
5021881371814119711
8278643865980538966
-7990002166814103250
7476098537732247190
1926108304686954321
395763403744849794
-33071978965764207
4463623916215334967
1988864818123936953
6109394549352357779
-321969710233746649
2156935066401922860
-1024502957691896601
-8180250780271337597
3402310042860038909
-3364938944711806087
-4859422551371116543
-8797649565224659199
8705652052832094193
8667760001750492438
3903439415856623938
7842702634699454703
4441443005992686392
-4687286726162878863
-2918819001178319497
-4266567973518625307
-8763397686321406760
-6142054318868418838
-2135496585466453632
-4196561248482132307
784035902396092975
-533019807290321578
8698500938574928085
9180987573783860933
3865093804629464170
5715831079374658173
-5975229104083657730
-3891346791451101472
1286729380217642767
2257435104929909660
-4094233246307453158
-5429564769657667739
631455681297284724
-2025777703516855068
-3624689320635252647
9138763664037116654
5578977033699153477
-6982336617234367495
-4299162191779969406
5978965205696327883
-2853449110619064318
-3045438133618099597
-875789826139517074
-1674284466162481283
-2385810210662381186
314055370411714656
-26086499428030837
-1338314032945121477
-4378784854213035167
-8973484272456333632
-9001343464520369318
-7995139370343330704
-7572467800685899865
1483003409816009224
7976175351468822512
-2316558868254115269
7525854609358565408
-2417431034790624096
7187220548071634809
-6999713568689570579
-4483995315924855570
8277984600303964517
-2662547834233740111
4280124348698725519
-1291808959798691063
-7724343525418693080
-436978540869187479
-189530002662826151
-2877451247038551362
-2766345646200416724
-7592200999472857080
1462441453570341948
-7762801022099648980
-1377904939614950228
1416411733116032007
5150958889036373337
-809610140133189690
3601804234977150803
7481197224196048500
711641544961188488
-2996100702081861420
-4952273085021820734
-2373649493869235856
8243164024155591634
3578542146724308977
1349449060504292109
-2440593791489919567
2441448276520956919
6570425620980316046
2043145332136892990
4169220778276272385
8063059195601150697
5421549828029807726
7977733300984790737
-9180828457911421764
5766525784193273935
3775816919775495208
-2717459466073556938
-1521439936008072106
4715500261242273283
3234737970543909801
8981805440891488083
-8738129912193457197
4815314825005027989
3452396145537754543
-6298079717939631873
-7583097227212566963
3818074754111519685
5084443006632722766
2359770008466874504
952865522527251570
5670481087559901452
4197583795497861231
-7045152421211008466
-9169703680618061052
4943334719765063188
-3692364399493190068
7021910773489298853
-639300338654555817
-8048560715346051780
1458842767981323766
-7555874628805498729
7542852771575140310
-3326560301347993067
4897730886036961487
-5756470476467271392
-1380907744370131330
-6973968547747507225
-2559792232125438704
7378615518209835088
1665734644973921120
3879666903207331885
-543302301125157820
1064335611590120621
2998502549489146148
7621754259778751764
3290770813054900683
129088952801909934
7535028923010698625
-2356741363764485119
4861306853143316825
6619477047940991297
633597344426840006
1387218179293125640
-3246307602393875084
1150315496211775558
-1665113363507728555
-645402824990288779
-4700438634143582727
5549217168960423697
-8962552449392023006
-1347977687859867833
5980178423069587095
-9074731112681816852
5751427164241095480
-4283635629919071312
-4057991082705277614
-2177071836525419118
1204729169035467060
-1902990325002985322
-3237540609488541438
2442724362499031990
8043668373276767432
5411048222224346901
-979160448981868591
6306384137165783930
-7622341488268146887
60876003815539963
1368001044182042049
4440752176910939384
7419889421269098722
-2831197979642325173
5677632493496677156
-1794650289789757763
6881934924839708591
-4901066791473267525
-9015085867394557150
-2742731692970545079
2796500094333498787
9219390360040828981
-6956532169810537930
-3041484533384790896
5161191168323438418
7829187778082153306
-5475603094489832271
1423982275349210236
-7096709658925352345
-5379841081291366150
-1991569554617270986
-6765012803317462680
-8551730268407899104
-435324818935644259
-6539705977928459460
-7313350240531275866
1736667067839350733
-8525192777132121091
-2759614467102811760
6172984605685602555
-1894338430338280108
-8755000509357812854
-6005486884313774896
7766920107333377822
-6153037266391033936
4184320887355102949
5494353896823341552
4972048610103320124
1341219642465430381
-1971537433264804763
-80804563217251143
4156712594954805111
-5720555881263196882
1054029682709449365
7208762209523095109
-4141447064289873054
-6809101828212068312
-1292848612410690893
1539848704307555205
2631688685130919046
-5269427317209813852
-4529413821079252173
5079315839547673531
-6239808908031432223
-3449903030248825215
1698341728189233723
8401615792860661504
-5682338241115524766
6856005042059172783
-1993094965126703068
-5702417832961901377
8465165687390493294
-885683286848345419
-2723898853533003265
-7848157593926110664
2645931079009847390
1089209640735064363
359670247389881358
7794451491533764862
-4813947834565233409
8062446195368497729
-3852970077672975290
-2134581743342148231
-5831061821595776240
8896839748055723319
9061751477267428564
-4941296758140824219
761156264438026439
7652574654044941283
8597627192052938389
4241521759065130578
902116435825205837
6925902477240480046
3949603673102912412
2688865872194108450
3468107528949480509
-6106465953694058601
7519896363157248432
3135799678017599373
-8633992639877327319
-680555563828645970
-3874684480063750965
4196856562104351904
500529425081240853
6812645044942712474
-2979533941249386084
-1259551900154189511
-8654905108033921542
-333857973401064300
-4170223081808986106
4018913638827678605
-2120146971191250876
-6781893910245944470
-664460272794837601
271228651705034915
760803296002207829
6042495795664362749
403026630959792178
-6163391236890926377
4907885036096272896
1548937763272327619
-1253398090342520771
-5601580476788920232
-4462446888752835826
-6568961937318971579
6439063059737930612
8005198425420509609
-7696525704977992260
-2468028471774429534
-3516040363164817604
-1049148787691833309
-5642193571685143749
7749881228914869003
-486145208882183376
-5457317822970278798
-860764108921375185
-4070392076398966715
3175490072175559584
8885957920538215700
8793022109609479473
7618762454343772458
8604182053769096205
-2492127791300825890
6456911671589217613
-9211353958650681816
2923836412935451055
618598826899372406
-4942967189586883451
8488886033825678272
3331977124612980207
7509332287765746137
-6738372810298829748
1315655785796712712
1493956358151028973
-607607178698185513
4027017857174801419
17650415612980778
7076327920916943867
3843606736144453522
4911180644791438239
1713728011299490531
-996547741210203105
-2371932539139976189
-7080830769314460199
-2375251542800263932
-8049744011114521451
-3050172714781892747
-5258790604342437123
5989213772182003445
8820959418214803787
-3589645113135111928
2549686795440358211
3482004981010122285
-6751962592921048732
-4840063886076841937
-2411239570371499686
-6947060570527989317
9181881797480118710
4164795527542129458
6770875407078104288
7289139490376335552
136805720399396683
8802890025564452269
-549887295947701013
7688113164440557811
-4656388241475913244
-2791806720725754097
-337600661797938557
-4221369308861381349
-4365398811385813391
6418712198170622236
-2628226340742548699
2805573162200282009
-8880592991457562214
-957895617758652820
5225720335169116994
-155221650925001509
7019882717871225401
704360599499696362
-8031248830570512195
7589637930991507946
-6077751401784974370
-2851429594631448491
-5910663625092453007
-8557185435760733475
-4464283434582509238
3703210786233526466
-8382718327033540183
-6735603618248811165
-1917613679631491340
-7491941836955946728
-8507970236660408666
417925233634915134
9159352358953964935
1190006168838021522
1300416646501953821
-6586418125146642238
6006291007128554594
2055909450470054465
1340232320949259190
-4067755167373333670
-6198085080339184618
8581094659203142024
-7856700238400659058
7381192598963965956
-3303348531460095764
4925986090086435486
2936600034035871926
4106777573808239056
-8919800432923423395
-1389704549569913841
-139394284751819599
-5345042568457199516
-8214563540134982504
-6037421423936715205
4887414524181248250
-2677063823540347269
-1878537103574246145
-6315484415287092778
6888207621492945788
-3954728312019586975
-5091153368443041110
3445427439711743591
-2265838044925604072
-869464940543083911
5405639942670619106
-6744376203534243639
5452588969731292707
-2191200801518342216
9139781104953192871
7031136362894741932
1954463591913843941
4770533506732888103
-4608658352037442005
1452585032197258260
-2192840576912782309
8027850729451665252
-8683008008408816811
8801056094872632281
6760848433225214837
4462041058192964385
2878321980645623615
554431862441241638
8070969230461232153
7511595473701460388
-5896588331566039879
-9165382715261647365
5565914203676168990
-4613586313314076602
-7817347558943631933
-2802504311889213781
249562050567250962
-4500829358112476684
-5098683359821830634
-5918668965968746914
6552715491631557493
2040164016012047793
-6657941301888432740
-3879154094607245680
7457761803470819643
4568302639115515154
3721578299850941172
5173807346456281232
-6365375736629949618
112886196750983872
3396612124766250479
673243909032270850
7212624063073462282
658227705191891194
-4748475592279039466
8965358630317995358
2168034806904662208
-5853780390181601264
-6494861508525778655
-3657347541570302865
4613672110182394931
-5444244698104812311
8187616748532534657
-661625109619166508
-1222374798727157475
5779471382255366014
-1665489433741220649
7308235213037564546
-3370771238175852373
-5171271001714960035
3194329012164106874
3695760546410021952
-2864663685084548867
-7746378939573091290
-7930483789155237386
7031818349286102569
-6618569048204193881
8651891587441672209
-2200501154640127608
-3308032125285178834
-2404311884050451405
-3841722402582080921
-2127557250770441053
3473049941797065874
233039058679622301
6433942394723959813
5023934061368493677
7646961929865511532
7284525617040934357
1914361715849445340
-3210511434134326206
-3065119377150480344
-1781952491280233919
-7872810710537404045
8131013767542364208
-7171625155190183930
-3978396772987033544
-6332103283559705757
-77205705612342406
-7226979171723206502
1863277219031205512
-6328509176222573094
5579526375351963926
7629485199882728266
-1442760302984160016
-5541042065417386727
6662529401777985583
-2439701164653092141
1358655549447118503
-4449945367744866314
-1146024178025050461
797235357414044101
6365895566405661908
268725574078172763
660269455759065989
5695506387396020482
6473944926393616659
6067041050844452805
3372458227350329756
-3677776568220979645
-2172514114513641482
3860432836750981573
-7737366902034052637
6504748423827933843
8402997743021228930
-4599995163314602365
1263200394904548871
-5631745195171086126
-929674925459489362
-5652962039923821770
-8391374914220193044
-8845232393872665549
-6077049553254161689
-1505783567910898003
-779789226190163160
-2858119595821818178
-1425689385092715377
7497575518676883401
4120002510109153671
-1350367716598589489
3293503112226808697
-1051940796810050560
8772041939266206597
-1635031299374880107
4413239979781692015
-7188820750581594660
-2848285063316206633
4986189705320668308
6572187919911647405
7860380448897160058
-7729721457275706142
985973229163889699
2671263313376875619
5869217400079117580
-5904660080116217022
-889049470987727121
4822514537442041142
-94147065472185513
6983491668196147269
3250035100493944950
4455273841393768127
3155814910171766326
-4328480523766766482
3636946159750992013
-7459684709443673334
705388221539244821
-8915908958510929422
8540210165403333083
4601842669901585689
-3111751505864598666
4608155533740103486
5804971433037973595
-5915634702559181985
-3018969460499608720
4986254296673409391
8333332376588847070
-6616360046164266426
3844813465366112299
-8209049500819036456
8592984054663410311
4127413246442696361
-8767511428453036443
-6335888624839986816
2906175053586730829
1111273574866370650
1552698254857050352
-2927297382918526559
-7785995451879477124
-1203162160964739939
-7671429477546504399
3312199631288684586
-87950443625346508
-5882533913500950357
-870375870307769437
9137129464918939966
5129660195033946345
4318390159382273073
-3727109380692704686
987716079413616307
-9100101165337421855
-1375501346936476722
2643300378087288673
-7152302017839242604
-424351984418273351
-6772760590215666792
-2431842571676322428
12281454345085344
2693349862557861089
3504053600796674456
-8494175576380431226
-5598232430444726840
8884513757702532635
-8435220083908583351
2428063902731263941
-515748070447626059
-6882518270261404928
9207012363162681629
8585098478944959665
967621735414388287
-4322511176808439173
-8118651941628082440
1250741095462154576
7180807469319945975
-7637949563213008565
4456641349248354483
-8288325710857071939
-7589842960851817826
-4119101766336614267
-9100297177668967526
-8493367994150231131
-4534381996438799700
-8008861905119167471
7398421507960526319
-6557952385872530744
133385286450580682
7542717968435390760
-4309536358824892059
-768624532048197250
-5082287897303790248
-7888660246063997732
-1083185640880624219
1705072477091981871
-7320408839510386200
373749870277915280
-5603662137369312564
-3414256325180924198
53280720513921985
-5367011437690260868
4716056814153610219
-1030855240641243249
2632483830187754077
2274454445885167658
2834120667650204038
4937988723771054325
-6686866978744228373
-6574976897196578564
-2922047182856438762
-1710968788658750779
-8353836722442610227
2359239151756483235
7767230991520452231
-4993891393416513972
-7728162178987235557
-1670957360339301975
-7202409385527338822
2117090753863697645
6497820465915848479
4897496091434614761
1188114672170760708
-6580775557810975075
-7257218078943930921
5482573458956471057
8986581752205274029
396017618379810918
3082155691289834615
1353302810322576167
-9033117393536857229
-1987792585896566044
-1340288043700896796
-2966047664836943615
4213705526325573124
-65286587473745717
-7297473452400533703
1252267312158147787
6961446385333514631
-8691089292556161697
2185619066228366918
2602686761778793605
-7595238920764790764
7893604892044815098
7480646380730951692
8961267421677460099
-2831108609222725065
-4227089713589292663
3472440616835894594
1196420665961065451
5026281124037472625
7497874647505831183
-4939105527376067885
4099217408260349754
-7275140971191125321
8335879930349063201
-1913957553467788194
309642605138004672
5964561087445750001
5602246154200141417
-2795341752760736075
6355424663812498207
2832192536045285244
6813549473861206820
-6150160192304567714
6351660802330718672
-2749648010967866199
-3465022313746157661
-6195622156961636843
-3490863794968487010
9202245969270930492
4069952146746168782
-5655107441212686008
-7455318853816961240
4988929079667407341
4855054735439655580
-2502985715463367015
5011138832792957795
-8517915448653847574
1275144589169020060
1596460688150042208
-6508745822662013418
8401815948969319763
5333375348102074991
-7455831586990313177
1570432009215547997
-6460533233328664387
-8638825791057049269
2854971819946500652
-946558628768360665
8625338102230919856
2695754510519602042
-1212705426620067358
-1436070208524216904
5281511557616559145
2372057938281928409
3224758839539927152
7327267782719549480
-4198991484529353447
4874937658680912730
-7304183189013942224
-7511161181840830495
-7303037576842344733
8994525803496913282
4484915097364277297
-7634840355092741084
1879547173023358690
-2934619195165450005
-6013292290550372682
-521655932870432635
7595276382627346657
6336570536103886531
1078997251619335093
8079353368206433131
6896908997877307809
-8407247281731793844
3716477385380365145
2791062139621721233
-467197307157323434
-8769791613419418278
-4924984323478546303
8734905924089211784
6047958840824432170
-6585872426848727336
867040329224574783
3731289533702561331
8492414354801073849
6774911784206284099
-384649915401019559
4070290624990308169
-3907204212042433388
2377683635778476845
6144429041796826827
3133877743758267606
1095347832952723134
4621490948734566331
4987914185641372738
-8896372321679274310
-5269447332105763790
-6485031098207386328
4960080366337956259
3413670138523450664
1241497893349901914
3530906544016785216
-3257956500834273662
-5261999558473367767
8272997737133613977
5717921247481811429
5791452519395609259
-3336086874757320425
8541223902902866371
-5663486850698027122
9203802182011981981
488672134816351010
-3310839938283818848
-5850829164685998141
-1778417203362867190
1133460413999095758
-4276594900491119507
5280611434034607522
-557094260489324455
-8458182654439710093
384350656718446682
-8210445954338931107
3843995386827379492
-8336653685948506692
4115007269563740428
8438109709622972346
-4562070537640204614
-6628580313199611352
7392826959881672477
4887065699818860178
-6444058574952402786
-1449896170898852723
-8035772301288873577
-1812175602725780142
-879277893844459514
-3140815430490217328
-7174738232452024195
-5979633865397730691
2776961316306770013
8278846646407344941
-1118568810692982973
5454568483633825575
-3410397661642161215
4408883696554367285
-4825202555957397680
1953740412978783611
5978194537799808389
5157094956609502667
-4754589275924956541
524303912822845239
8117487286256852145
5436376111010032871
6463431815054927275
-3989996929553525717
1963263406453720701
-570078903773209133
7519301673551895310
-7665542802450345794
4512324517657309402
5822885878283045296
-7222253640106490653
-6576292297809957783
-8810007408529953559
2749141427909923314
8227519741202210776
-8882858925281114055
614230408414368129
723129559937873632
-2580208124314479220
-8715705314096087727
-7797486428569879123
8714687338878066197
4740726790569338646
3946800894590421862
-4310618473155269844
6092501511087745282
6809471704743700348
2053747218545432385
9047316782138003696
3924485981206829929
-9135736510615665091
-2452182351562933951
6941457767670502815
-7791950014284230173
1756211476832987592
2192922063603030998
-4714291778552180203
2687379378564352092
1686240143196772867
7136958418590591495
4251264407603749856
-8655223207935037294
-5859908013935805755
-6575967125918347795
-6045977744828117053
-7515168019022784359
244328896400774747
2838184739206102838
1588703854231483443
-7702307621440495271
1228260302470592519
-6613175550516829789
-8201414419800470563
-4526487815019789042
-6735226650856843652
-3184012979686657142
-6696112255310266338
-4631748354025525816
6697840739516173924
-1581408772270060460
8401549214179052425
-5236082740136780823
3075566304602500314
-6558616631481488640
-35067700722013083
-2697073022184809303
-1058258753338766864
2693367372525687966
4641443740213372717
-4669268508140121963
7022778559070450474
-1841038075356052778
-5040424191326054130
-6121989424446635508
-2622003633720646142
-3453394685502954913
-7246005784558003604
-4039796822987469887
-2775804413446514078
-8259617678436064889
4198277311266419037
202703570032643900
541717729732517164
550554028257840818
-2999345948297817044
3739649577855073113
4511455955095517878
2582366967079143123
-6661389224987870249
1190515254647825095
-2735405973433730746
-6396950442290793484
-1820650569760700782
5844956136991515273
8810547338598179739
8490529074174565300
-8334061642656224702
7515098648358279289
2391127658897531748
3732486011719253444
-176388507364952317
2461062919935273408
-5136404279264203834
-5702119033154108823
2486572853238786467
-8850034816534292128
-9141239103223630886
7744122658328295677
8059822379595304484
6367932502630051498
-7468544730638171860
-1783538021495708050
-7628911676457913794
-4287958848358224952
-4037644035050618307
-8579156369485814850
-1594851750040803366
-6876844132227787724
868524986980432130
2878955507799116929
-2057293112501479528
2017695982872527679
-3400863146190195356
-8352405387293344414
2740650708755407690
-6701776355768790389
-5079190773037637698
-7192547396896660834
6135750135051180151
868529615188856977
-2334862091349421214
1780639225243539079
-6862847969149291815
6328342009563105053
-2551003729893816044
6596115497724661762
6330592681129275103
-8173870483900444212
-7037128844352892531
-4870655004468666102
139623007760411692
-8003575162840251243
-524169398934970375
-1740563592137800405
8640686765076717590
281575298666537533
2653700654777984122
-6011498008676958201
3837088219131861032
-2730605001468648735
-2215913887783749981
-9107740322842113067
-6740390346941641568
6822970079562877552
-5481527710694797315
5590398287733675997
7653701310614848241
1201267636704464687
-2171979852489992571
-4171502803091532035
195444579006120003
1110613024787648563
963723694562228012
1445700194603900455
8432053940932086766
6013122215859051498
1153570711137013846
5200636470514094816
1482425518078640643
8146232108381357715
-7994022119821071268
-7973337561866671677
5266581848798115267
3181296388262727873
1034245236896353290
1478945158740243708
-4218542488156904411
-5225385731488801316
-8584486186558979807
-4896537319864122674
-8757567395458206124
1379143049132194463
-3805408555380500266
5967938316838538253
-4870441039545445329
-6857230105524112485
5475489642814625361
-4195954158840581467
5974054228359923400
-5865271326459053133
211338420095663407
8381919761143107601
2485072261037157094
7690203553419420318
2506766754797759489
1079549644493607908
-591943424371477630
7932954123876883305
-8099505961305225525
-6832023464894025148
-8906545512582693811
-3721432351952416014
1453028388774261125
721163887346197098
-163653827102102487
7167383558584309358
-3581956053426169186
6155330328528055587
-6456133397570132052
-680267009458648605
391078939512083828
2174098983198640978
-4680678857696930912
8807819510566055599
-6648506897822595876
6807450951093113964
7170095679592490886
-2689093946198541825
-3048269629230164575
-2588623441763025670
-6204989206106189810
7944841145196362585
-1672780313763034883
-6165214109459487462
-1089902753847123552
4134312718324486931
6760230700890722081
1443001524567029503
-6108032283103749418
2513739360160446681
5187510434171875763
-7352813623634176659
2202225497798670079
4200194349901861419
9063619601588833867
-6946887815565960643
8903775777604751518
4283598920371640540
-3088333420296920843
-4201113547388164897
7960000027007554538
-8240408996554157676
-6868244836782252366
-1202239632495593261
-4153181715364036276
1595940161326142031
-1740417314462720010
7530809743812733999
1914986409429778403
6390190762844231900
6929280776489409323
-5941406580623170020
7303238371502456835
-8477028849970122400
153933907890335533
-2361472787121083047
7166963751455649201
7929978338650582224
3487022640675208653
535670619824522935
2918994312589554473
813002744925431674
-3742836829507348914
-1219011062584384614
-4607761278946391207
-7852575998673526915
4436013354034409451
7857825649629454463
-2029548819627875229
1155520658570730316
7876263938316989519
-4338971356696407184
-4058746978997333473
-3267866898744401873
-2025621463936083429
-2763284637140325743
-4907216418222649194
-2155023699098044223
-3613215406476882077
-3009911430890612073
-1201445356000323960
2289699782307498867
7719933655013684273
-785756444223152820
-1574622519993911321
3684977799454081288
-8745719851885599487
3231767703233953805
8306396187635472474
-4109388470016230633
-1250227001101757116
-6962473789436771764
8212735506016415163
1967874224738638477
-8420128284721792547
-6441148129338620914
422354991240598169
8166135444956337704
-7283906335336971354
-5237171399972666259
9191540702940817591
6976412059889524988
-3081744396203070996
4729938193649954839
2061657903524858763
-5103964768296705806
-6224067730625116945
3272060034774499277
7599707744909234880
3024435616352089412
-7227388295468894108
-8178173386929248539
-822254657510579020
-7953023701170926333
-4233035119389839886
-5494067869418008119
-8212504015779456773
8833890951040716177
-2516292170023395400
-4530979175757695882
-6411150312007947558
154726338816772391
-4814930842320522554
-7191124183051392770
-8829650171880571956
2148244894808065360
5141021822273790367
1175234142856125958
-1785528864571333119
-661107397631880852
-5528734055452133699
-5361918786248288952
7046448481765531354
-2503561108877120210
-4203217649198459123
6124870525645074963
4804992871906503023
2788533103239921439
3174087820318448751
4116056610692847558
-757997518310041335
2784117125602941721
4408074757513379895
1877397647943211096
-247148186342104152
5828432723433773260
-6175124376242563665
1795930819936563923
6478556373465367677
-9171075845939627460
4736171326500295827
-8232415410013019692
-2495097416751534479
5882170611483173441
-4663880839883197549
4661802716188654093
3352896582346755741
8121609113788570373
-3766770154469043500
425566112937171140
-8079677887383396656
-3441370034308305782
-5164189999258405265
-7383497887378382255
5322309517686474765
-5695962743584160990
4028659662517424369
548893244539130020
7231249623643706633
-8725759903373089291
5991991247451758042
-2170353752626622020
-3084326989622463311
-2728459617843053186
1887045604348693534
265065304341182001
-7846815432480289630
7307718072219789838
2410588349321754791
-6152224431452786773
872313137577565104
-2320802603005482424
-6017864897435436848
4079146264351219560
6280126358424251488
1135995489449021859
-8849642588776860437
743289517863941306
1779690252145334125
89360326765694700
-2119010293587930435
7734612224031071111
8812992868725151302
8766118972319597249
7948383518673055741
-2912894198411953465
-4205013966918720114
1145014837106992662
7785481797862567128
7459822000804332298
3127578619310552987
-6926907985270718284
4828688214099379824
8904903726881934576
-74508191581145351
3167572496048254901
3243259049915793752
8684188809509832622
4027914286704875748
-6876787844818682870
-7240182979691518950
-5928008842322823281
6528336878047150033
6381705025783988469
-634991110114786895
5473073156182918257
118850170946301413
-5517477274853137777
-5017775510051105777
-6236251907053184956
2428990228262225788
-8631506624927378365
-8377411151837796712
-1224176862526927473
-3890348269821680220
-4413903340403937455
-1572741059991088987
-5827382345345143317
-7797785812303857505
193570445216061772
3402411856716070915
-2934133854516658043
3111152474433976933
-6460951101424174436
3027514578260251505
-2221286257287239520
6664322797027504415
4993508940285986045
6378304013922223397
2903674012288390161
-2825351725112163923
4713485407394613758
-3371156331812362936
-3583938983108576831
8450307402425143841
-4714845374472330877
4888572235290780789
-6434890240441718737
59611375375973442
309609912841461828
1420656711637134910
4156771071474476012
